world: 15bcc4ed-69b2-488f-aed5-863f2f430555
world-name: spawn
x: 1432.5
y: 115.0
z: -263.5
yaw: 179.47830200195312
pitch: 0.36285123229026794
name: spawn
lastowner: 7c2d9979-4251-4823-b6be-4081a6df3a24
