spawns:
  default:
    world: 15bcc4ed-69b2-488f-aed5-863f2f430555
    world-name: spawn
    x: 1432.5067675804494
    y: 115.0
    z: -263.47669980859564
    yaw: 179.4100799560547
    pitch: 0.36285123229026794
